Testing with Partial Data:
Country,Year    1983    1984    1985    1986    1987    1988    1989    
Canada    0.0    0.0    0.046433382    0.229211886    0.370663166    0.752880479    1.264765577    
Mexico    0.0    0.0    0.0    0.0    0.0    0.001815204    0.010079818    
United States    0.0    0.038253436    0.140659444    0.279060364    0.498659917    0.829863407    1.39281703    

United States (1983 to 1989): 3.18 
Mexico (1983 to 1989): 0.01 
Illegal Argument Request of start year 1890. Valid period for Canada is 1983 to 1989.
Canada (1890 to 2000): -1.00 


Testing with All Data:
Country,Year    1960    1961    1962    1963    1964    1965    1966    1967    1968    1969    1970    1971    1972    1973    1974    1975    1976    1977    1978    1979    1980    1981    1982    1983    1984    1985    1986    1987    1988    1989    1990    1991    1992    1993    1994    1995    1996    1997    1998    1999    2000    2001    2002    2003    2004    2005    2006    2007    2008    2009    2010    2011    2012    2013    2014    
Canada    0.0    0.0    0.0    0.0    0.0    0.0    0.0    0.0    0.0    0.0    0.0    0.0    0.0    0.0    0.0    0.0    0.0    0.0    0.0    0.0    0.0    0.0    0.0    0.0    0.0    0.046433382    0.229211886    0.370663166    0.752880479    1.264765577    2.110674786    2.769888481    3.621301434    4.648371087    6.435664704    8.840378661    11.82226558    14.04583637    17.73689555    22.72196984    28.42909462    34.36625958    37.94941948    42.07126881    47.06386648    52.75959279    57.49320536    61.47310755    66.20487722    70.54830532    75.676078    77.82549309    79.56833775    80.61008074    81.0393165    
Mexico    0.0    0.0    0.0    0.0    0.0    0.0    0.0    0.0    0.0    0.0    0.0    0.0    0.0    0.0    0.0    0.0    0.0    0.0    0.0    0.0    0.0    0.0    0.0    0.0    0.0    0.0    0.0    0.0    0.001815204    0.010079818    0.074266061    0.183067275    0.348322481    0.421293924    0.608553991    0.721767371    1.051320868    1.758956617    3.326889843    7.556565917    13.55289414    20.65462731    24.29476815    27.85371761    35.15321825    42.56115672    49.40875353    58.62729509    65.49948112    71.45817512    77.51826326    79.24118294    83.35070827    87.26062913    82.22000923    
United States    0.0    0.0    0.0    0.0    0.0    0.0    0.0    0.0    0.0    0.0    0.0    0.0    0.0    0.0    0.0    0.0    0.0    0.0    0.0    0.0    0.0    0.0    0.0    0.0    0.038253436    0.140659444    0.279060364    0.498659917    0.829863407    1.39281703    2.075802366    2.939643902    4.249049037    6.103716586    9.104921407    12.6047249    16.23815248    20.14238484    24.89063952    30.57610298    38.46809105    44.69057874    48.85103822    54.84681409    62.54719598    68.31769507    76.29353842    82.06414479    85.20916517    88.62364611    91.31165202    94.44042596    96.01037609    97.07773939    110.2041935    

United States (1983 to 1989): 3.18 
Mexico (1960 to 2000): 29.62 
Illegal Argument Request of start year 1890. Valid period for Canada is 1960 to 2014.
Canada (1890 to 2000): -1.00 


Testing with first addition Data:
Country,Year    1961    1962    1963    1964    1965    1966    1967    1968    1969    1970    1971    1972    1973    1974    1975    1976    1977    1978    1979    1980    1981    1982    1983    1984    1985    1986    1987    1988    1989    1990    1991    1992    1993    1994    1995    1996    1997    1998    1999    2000    2001    2002    2003    2004    2005    2006    2007    2008    2009    2010    2011    2012    2013    2014    
Afghanistan    0.0    0.0    0.0    0.0    0.0    0.0    0.0    0.0    0.0    0.0    0.0    0.0    0.0    0.0    0.0    0.0    0.0    0.0    0.0    0.0    0.0    0.0    0.0    0.0    0.0    0.0    0.0    0.0    0.0    0.0    0.0    0.0    0.0    0.0    0.0    0.0    0.0    0.0    0.0    0.0    0.0    0.112598381    0.865196277    2.498055472    4.826865367    9.833164022    17.71624331    29.22037376    37.89493697    45.77817474    60.32631999    65.45219346    70.66135885    74.88284241    
Albania    0.0    0.0    0.0    0.0    0.0    0.0    0.0    0.0    0.0    0.0    0.0    0.0    0.0    0.0    0.0    0.0    0.0    0.0    0.0    0.0    0.0    0.0    0.0    0.0    0.0    0.0    0.0    0.0    0.0    0.0    0.0    0.0    0.0    0.0    0.0    0.068840778    0.099059921    0.168397958    0.331772024    0.901406013    11.94887288    26.07553141    33.95706284    39.16395669    47.87802749    60.06734238    73.35038415    58.91235149    78.1845877    85.468247    98.29153459    110.6865316    116.1572081    105.4699657    
Bahrain    0.0    0.0    0.0    0.0    0.0    0.0    0.0    0.0    0.0    0.0    0.0    0.0    0.0    0.0    0.0    0.0    0.0    0.0    0.0    0.0    0.0    0.0    0.0    0.0    0.0    0.142563513    0.381286664    0.620306327    0.883522952    1.037818786    1.442965201    1.852315921    2.120546339    3.207749877    4.895960832    6.913956774    9.799631738    14.90809458    20.82466731    30.78644018    42.87476619    53.10146463    57.39322693    79.19074229    87.21698081    95.42373897    108.1005238    129.0979339    117.6607732    125.2084477    131.009991    161.1670576    165.9088811    173.2739335    
Hong Kong SAR    0.0    0.0    0.0    0.0    0.0    0.0    0.0    0.0    0.0    0.0    0.0    0.0    0.0    0.0    0.0    0.0    0.0    0.0    0.0    0.0    0.0    0.0    0.0    0.018689957    0.081258922    0.182245465    0.504218653    0.908356275    1.55856424    2.311204939    3.238869715    3.947248663    4.872216207    8.020962705    12.99329905    21.70170873    34.67552508    48.15693696    63.49747283    79.69431046    83.80339232    92.52968608    106.4079144    119.1029016    123.8892854    136.6602462    155.0398371    166.1936237    179.7816019    195.6692192    215.5038098    229.2446254    237.3518775    233.6151774    
BritishVirginIslands    0.0    0.0    0.0    0.0    0.0    0.0    0.0    0.0    0.0    0.0    0.0    0.0    0.0    0.0    0.0    0.0    0.0    0.0    0.0    0.0    0.0    0.0    0.0    0.0    0.0    0.0    0.0    0.0    0.0    0.0    0.0    0.0    0.0    0.0    0.0    0.0    0.0    0.0    0.0    0.0    0.0    0.0    0.0    0.0    0.0    0.0    0.0    0.0    0.0    0.0    0.0    0.0    0.0    0.0    

Afghanistan (1961 to 2014): 420.07 
Albania (1983 to 1999): 0.67 
Illegal Argument Request of start year 1938. Valid period for Bahrain is 1961 to 2014.
Bahrain (1938 to 1989): -1.00 
Hong Kong SAR (1996 to 2012): 2051.55 
Illegal Argument Request of start year 1960. Valid period for BritishVirginIslands is 1961 to 2014.
BritishVirginIslands (1960 to 2014): -1.00 


Testing with second addition Data:
Country,Year    1960    1961    1962    1963    1964    1965    1966    1967    1968    1969    1970    1971    1972    1973    1974    1975    1976    1977    1978    1979    1980    1981    1982    1983    1984    1985    1986    1987    1988    1989    1990    1991    1992    1993    1994    1995    1996    1997    1998    1999    2000    2001    2002    2003    2004    2005    2006    2007    2008    2009    2010    2011    2012    2013    2014    
Thailand    0.0    0.0    0.0    0.0    0.0    0.0    0.0    0.0    0.0    0.0    0.0    0.0    0.0    0.0    0.0    0.0    0.0    0.0    0.0    0.0    0.0    0.0    0.0    0.0    0.0    0.0    0.001548962    0.010893994    0.031957866    0.07152718    0.111735514    0.216057464    0.434581425    0.712174554    1.26050362    2.200303493    3.096979262    3.660549703    3.246072667    3.796302633    4.901883807    11.97100258    27.35185035    33.52064989    41.42975138    46.46198345    60.90324472    80.17018406    93.43030345    99.50960309    108.0177685    116.331131    127.2920547    140.0511818    144.4387195    
Togo    0.0    0.0    0.0    0.0    0.0    0.0    0.0    0.0    0.0    0.0    0.0    0.0    0.0    0.0    0.0    0.0    0.0    0.0    0.0    0.0    0.0    0.0    0.0    0.0    0.0    0.0    0.0    0.0    0.0    0.0    0.0    0.0    0.0    0.0    0.0    0.0    0.0    0.066492152    0.162312718    0.358576107    1.027801412    1.902959101    3.22303878    4.632345279    6.161062986    7.827044226    12.45197504    20.40031837    25.87965477    35.59849145    41.26668606    41.64413476    49.86113051    62.53490181    64.57824151    
Tonga    0.0    0.0    0.0    0.0    0.0    0.0    0.0    0.0    0.0    0.0    0.0    0.0    0.0    0.0    0.0    0.0    0.0    0.0    0.0    0.0    0.0    0.0    0.0    0.0    0.0    0.0    0.0    0.0    0.0    0.0    0.0    0.0    0.0    0.0    0.0    0.312734551    0.313870586    0.124257046    0.134033055    0.143653098    0.183744717    0.239584179    3.385040824    11.23471527    16.34785036    29.58795563    29.5728077    45.48387412    49.02716932    51.17954363    52.16238544    52.60439581    53.36331844    54.59396333    64.28314836    
Turkey    0.0    0.0    0.0    0.0    0.0    0.0    0.0    0.0    0.0    0.0    0.0    0.0    0.0    0.0    0.0    0.0    0.0    0.0    0.0    0.0    0.0    0.0    0.0    0.0    0.0    0.0    7.27281E-4    0.009969069    0.018888992    0.029408771    0.058911441    0.087100576    0.109996968    0.148443728    0.303364973    0.746945781    1.356502457    2.666464566    5.718854527    13.04791761    25.53785046    30.53479924    35.86941403    42.29340126    51.92193776    64.3740778    76.73832278    89.17829733    93.54864342    88.12268708    85.62758012    89.41002295    91.46374843    92.96497103    94.7933028    
Turkmenistan    0.0    0.0    0.0    0.0    0.0    0.0    0.0    0.0    0.0    0.0    0.0    0.0    0.0    0.0    0.0    0.0    0.0    0.0    0.0    0.0    0.0    0.0    0.0    0.0    0.0    0.0    0.0    0.0    0.0    0.0    0.0    0.0    0.0    0.0    0.0    0.0    0.0    0.057656946    0.068254835    0.089899216    0.166614128    0.17955684    0.177667308    0.197653332    1.06666644    2.211532447    4.516582511    7.85614367    23.08368224    42.83804536    63.41981696    103.7858737    114.0552619    116.893432    135.7804374    
Tuvalu    0.0    0.0    0.0    0.0    0.0    0.0    0.0    0.0    0.0    0.0    0.0    0.0    0.0    0.0    0.0    0.0    0.0    0.0    0.0    0.0    0.0    0.0    0.0    0.0    0.0    0.0    0.0    0.0    0.0    0.0    0.0    0.0    0.0    0.0    0.0    0.0    0.0    0.0    0.0    0.0    0.0    0.0    0.0    0.0    5.18349575    13.41035692    16.4406083    18.4350676    0.0    10.19575856    16.28167294    21.63754571    28.39756592    34.42689348    38.40711542    

Thailand (1960 to 2014): 1154.63 
Thailand (2013 to 2013): 140.05 
Illegal Argument Request of start year 2011. Valid period for Thailand is 1960 to 2014.
Thailand (2011 to 1989): -1.00 
Togo (1996 to 2012): 252.46 
Turkey (1988 to 2000): 49.83 
Turkmenistan (1977 to 2010): 145.93 
Illegal Argument Request of start year 1969. Valid period for Tuvalu is 1960 to 2014.
Tuvalu (1969 to 2015): -1.00 
