How many countries do you want to add to the list?
3
Adding country with name Saudi Arabia to the end of the list.
Adding country with name South Asia to the end of the list.
Adding country with name Moldova to the end of the list.

Names of countries in list:
0 Saudi Arabia, 1 South Asia, 2 Moldova, 

Size of list: 3

List of countries: 
          Country,Year             1960             1961             1962             1963             1964             1965             1966             1967             1968             1969             1970             1971             1972             1973             1974             1975             1976             1977             1978             1979             1980             1981             1982             1983             1984             1985             1986             1987             1988             1989             1990             1991             1992             1993             1994             1995             1996             1997             1998             1999             2000             2001             2002             2003             2004             2005             2006             2007             2008             2009             2010             2011             2012             2013             2014
          Saudi Arabia             0.00             0.00             0.00             0.00             0.00             0.00             0.00             0.00             0.00             0.00             0.00             0.00             0.00             0.00             0.00             0.00             0.00             0.00             0.00             0.00             0.00             0.00             0.00             0.00             0.00             0.00             0.00             0.00             0.00             0.00             0.09             0.09             0.09             0.09             0.09             0.09             1.01             1.74             3.25             4.26             6.83            12.10            22.95            31.67            38.49            57.37            77.64           109.59           136.54           167.43           189.17           194.51           187.36           184.20           179.56

          Country,Year             1960             1961             1962             1963             1964             1965             1966             1967             1968             1969             1970             1971             1972             1973             1974             1975             1976             1977             1978             1979             1980             1981             1982             1983             1984             1985             1986             1987             1988             1989             1990             1991             1992             1993             1994             1995             1996             1997             1998             1999             2000             2001             2002             2003             2004             2005             2006             2007             2008             2009             2010             2011             2012             2013             2014
            South Asia             0.00             0.00             0.00             0.00             0.00             0.00             0.00             0.00             0.00             0.00             0.00             0.00             0.00             0.00             0.00             0.00             0.00             0.00             0.00             0.00             0.00             0.00             0.00             0.00             0.00             0.00             0.00             0.00             0.00             0.00             0.00             0.00             0.00             0.00             0.00             0.01             0.04             0.09             0.12             0.19             0.33             0.61             1.17             2.70             4.27             7.80            15.06            22.50            32.18            44.40            59.72            69.84            69.01            71.49            75.40

          Country,Year             1960             1961             1962             1963             1964             1965             1966             1967             1968             1969             1970             1971             1972             1973             1974             1975             1976             1977             1978             1979             1980             1981             1982             1983             1984             1985             1986             1987             1988             1989             1990             1991             1992             1993             1994             1995             1996             1997             1998             1999             2000             2001             2002             2003             2004             2005             2006             2007             2008             2009             2010             2011             2012             2013             2014
               Moldova             0.00             0.00             0.00             0.00             0.00             0.00             0.00             0.00             0.00             0.00             0.00             0.00             0.00             0.00             0.00             0.00             0.00             0.00             0.00             0.00             0.00             0.00             0.00             0.00             0.00             0.00             0.00             0.00             0.00             0.00             0.00             0.00             0.00             0.00             0.00             0.00             0.02             0.05             0.17             0.43             3.38             5.57             8.52            12.21            20.56            28.93            36.55            51.27            66.64            59.28            71.38            90.81           101.99           106.01           108.00


What country do you want to search for?
Moldova
Country Moldova found with details:

          Country,Year             1960             1961             1962             1963             1964             1965             1966             1967             1968             1969             1970             1971             1972             1973             1974             1975             1976             1977             1978             1979             1980             1981             1982             1983             1984             1985             1986             1987             1988             1989             1990             1991             1992             1993             1994             1995             1996             1997             1998             1999             2000             2001             2002             2003             2004             2005             2006             2007             2008             2009             2010             2011             2012             2013             2014
               Moldova             0.00             0.00             0.00             0.00             0.00             0.00             0.00             0.00             0.00             0.00             0.00             0.00             0.00             0.00             0.00             0.00             0.00             0.00             0.00             0.00             0.00             0.00             0.00             0.00             0.00             0.00             0.00             0.00             0.00             0.00             0.00             0.00             0.00             0.00             0.00             0.00             0.02             0.05             0.17             0.43             3.38             5.57             8.52            12.21            20.56            28.93            36.55            51.27            66.64            59.28            71.38            90.81           101.99           106.01           108.00

Names of countries in list:
0 Saudi Arabia, 1 South Asia, 2 Moldova, 

What country would you like subscription information about? (Enter a index between 0 and 2)
1

What subscription period do you want to total? (Enter [starting year],[end year].)
2000,2014
Total subscriptions for South Asia between 2000 and 2014 is 476.488935 
Additional Test.
How many countries do you want to add to the list?
5
Adding country with name Morocco to the end of the list.
Adding country with name Turks and Caicos Islands to the end of the list.
Adding country with name Japan to the end of the list.
Adding country with name Cuba to the end of the list.
Adding country with name Middle East & North Africa (IDA & IBRD countries) to the end of the list.

Names of countries in list:
0 Morocco, 1 Turks and Caicos Islands, 2 Japan, 3 Cuba, 4 Middle East & North Africa (IDA & IBRD countries), 

Size of list: 5

List of countries: 
          Country,Year             1960             1961             1962             1963             1964             1965             1966             1967             1968             1969             1970             1971             1972             1973             1974             1975             1976             1977             1978             1979             1980             1981             1982             1983             1984             1985             1986             1987             1988             1989             1990             1991             1992             1993             1994             1995             1996             1997             1998             1999             2000             2001             2002             2003             2004             2005             2006             2007             2008             2009             2010             2011             2012             2013             2014
               Morocco             0.00             0.00             0.00             0.00             0.00             0.00             0.00             0.00             0.00             0.00             0.00             0.00             0.00             0.00             0.00             0.00             0.00             0.00             0.00             0.00             0.00             0.00             0.00             0.00             0.00             0.00             0.00             0.00             0.00             0.00             0.00             0.01             0.01             0.03             0.05             0.11             0.16             0.27             0.42             1.30             8.16            16.44            21.15            24.88            31.27            41.14            52.66            65.31            73.71            80.93           101.07           114.02           119.97           128.53           131.71

          Country,Year             1960             1961             1962             1963             1964             1965             1966             1967             1968             1969             1970             1971             1972             1973             1974             1975             1976             1977             1978             1979             1980             1981             1982             1983             1984             1985             1986             1987             1988             1989             1990             1991             1992             1993             1994             1995             1996             1997             1998             1999             2000             2001             2002             2003             2004             2005             2006             2007             2008             2009             2010             2011             2012             2013             2014
Turks and Caicos Islands             0.00             0.00             0.00             0.00             0.00             0.00             0.00             0.00             0.00             0.00             0.00             0.00             0.00             0.00             0.00             0.00             0.00             0.00             0.00             0.00             0.00             0.00             0.00             0.00             0.00             0.00             0.00             0.00             0.00             0.00             0.00             0.00             0.00             0.00             0.00             0.00             0.00             0.00             0.00             0.00             0.00             0.00             0.00             0.00             0.00             0.00             0.00             0.00             0.00             0.00             0.00             0.00             0.00             0.00             0.00

          Country,Year             1960             1961             1962             1963             1964             1965             1966             1967             1968             1969             1970             1971             1972             1973             1974             1975             1976             1977             1978             1979             1980             1981             1982             1983             1984             1985             1986             1987             1988             1989             1990             1991             1992             1993             1994             1995             1996             1997             1998             1999             2000             2001             2002             2003             2004             2005             2006             2007             2008             2009             2010             2011             2012             2013             2014
                 Japan             0.00             0.00             0.00             0.00             0.00             0.00             0.00             0.00             0.00             0.00             0.00             0.00             0.00             0.00             0.00             0.00             0.00             0.00             0.00             0.00             0.00             0.01             0.02             0.02             0.03             0.05             0.08             0.12             0.20             0.40             0.71             1.12             1.39             1.72             3.49             9.41            21.56            30.59            37.77            45.30            53.12            59.39            64.25            68.49            72.16            75.98            78.52            84.35            86.71            91.32            96.81           104.27           110.91           116.32           120.23

          Country,Year             1960             1961             1962             1963             1964             1965             1966             1967             1968             1969             1970             1971             1972             1973             1974             1975             1976             1977             1978             1979             1980             1981             1982             1983             1984             1985             1986             1987             1988             1989             1990             1991             1992             1993             1994             1995             1996             1997             1998             1999             2000             2001             2002             2003             2004             2005             2006             2007             2008             2009             2010             2011             2012             2013             2014
                  Cuba             0.00             0.00             0.00             0.00             0.00             0.00             0.00             0.00             0.00             0.00             0.00             0.00             0.00             0.00             0.00             0.00             0.00             0.00             0.00             0.00             0.00             0.00             0.00             0.00             0.00             0.00             0.00             0.00             0.00             0.00             0.00             0.00             0.00             0.00             0.01             0.02             0.02             0.03             0.04             0.05             0.06             0.08             0.16             0.31             0.67             1.20             1.35             1.75             2.94             5.50             8.89            11.66            14.92            17.71            22.48

          Country,Year             1960             1961             1962             1963             1964             1965             1966             1967             1968             1969             1970             1971             1972             1973             1974             1975             1976             1977             1978             1979             1980             1981             1982             1983             1984             1985             1986             1987             1988             1989             1990             1991             1992             1993             1994             1995             1996             1997             1998             1999             2000             2001             2002             2003             2004             2005             2006             2007             2008             2009             2010             2011             2012             2013             2014
Middle East & North Africa (IDA & IBRD countries)             0.00             0.00             0.00             0.00             0.00             0.00             0.00             0.00             0.00             0.00             0.00             0.00             0.00             0.00             0.00             0.00             0.00             0.00             0.00             0.00             0.00             0.00             0.00             0.00             0.00             0.00             0.00             0.00             0.00             0.00             0.00             0.01             0.01             0.01             0.02             0.08             0.14             0.33             0.48             0.85             2.23             4.37             6.00             8.41            13.04            22.47            34.42            48.87            59.97            72.78            82.26            89.34            95.33           101.14           100.57


What country do you want to search for?
foothill
Country foothill not found.

Names of countries in list:
0 Morocco, 1 Turks and Caicos Islands, 2 Japan, 3 Cuba, 4 Middle East & North Africa (IDA & IBRD countries), 

What country would you like subscription information about? (Enter a index between 0 and 4)
10
ERROR: Requested index 10 is out of range.Valid element positions are (index >= 0 && index < 5).
Done with TestGenericList.