How many countries do you want to add to the list?
5
Adding country with name Kenya to the end of the list.
Adding country with name Latvia to the end of the list.
Adding country with name Guam to the end of the list.
Adding country with name Mozambique to the end of the list.
Adding country with name Portugal to the end of the list.

List of countries: 

          Country,Year             1960             1961             1962             1963             1964             1965             1966             1967             1968             1969             1970             1971             1972             1973             1974             1975             1976             1977             1978             1979             1980             1981             1982             1983             1984             1985             1986             1987             1988             1989             1990             1991             1992             1993             1994             1995             1996             1997             1998             1999             2000             2001             2002             2003             2004             2005             2006             2007             2008             2009             2010             2011             2012             2013             2014
                 Kenya             0.00             0.00             0.00             0.00             0.00             0.00             0.00             0.00             0.00             0.00             0.00             0.00             0.00             0.00             0.00             0.00             0.00             0.00             0.00             0.00             0.00             0.00             0.00             0.00             0.00             0.00             0.00             0.00             0.00             0.00             0.00             0.00             0.00             0.00             0.01             0.01             0.01             0.02             0.04             0.08             0.41             1.87             3.60             4.69             7.31            12.89            19.97            30.06            42.05            48.62            61.03            66.81            71.17            71.76            73.84

          Country,Year             1960             1961             1962             1963             1964             1965             1966             1967             1968             1969             1970             1971             1972             1973             1974             1975             1976             1977             1978             1979             1980             1981             1982             1983             1984             1985             1986             1987             1988             1989             1990             1991             1992             1993             1994             1995             1996             1997             1998             1999             2000             2001             2002             2003             2004             2005             2006             2007             2008             2009             2010             2011             2012             2013             2014
                Latvia             0.00             0.00             0.00             0.00             0.00             0.00             0.00             0.00             0.00             0.00             0.00             0.00             0.00             0.00             0.00             0.00             0.00             0.00             0.00             0.00             0.00             0.00             0.00             0.00             0.00             0.00             0.00             0.00             0.00             0.00             0.00             0.00             0.04             0.15             0.33             0.60             1.16             3.17             6.94            11.46            16.92            28.01            39.58            53.31            68.07            84.02            99.38           102.30           107.50           109.05           110.31           111.36           127.69           124.76           116.80

          Country,Year             1960             1961             1962             1963             1964             1965             1966             1967             1968             1969             1970             1971             1972             1973             1974             1975             1976             1977             1978             1979             1980             1981             1982             1983             1984             1985             1986             1987             1988             1989             1990             1991             1992             1993             1994             1995             1996             1997             1998             1999             2000             2001             2002             2003             2004             2005             2006             2007             2008             2009             2010             2011             2012             2013             2014
                  Guam             0.00             0.00             0.00             0.00             0.00             0.00             0.00             0.00             0.00             0.00             0.00             0.00             0.00             0.00             0.00             0.00             0.00             0.00             0.00             0.00             0.00             0.00             0.00             0.00             0.00             0.00             0.00             0.00             0.00             0.00             0.00             0.65             0.95             1.36             2.87             3.41             3.92             3.77             8.43            12.99            17.51            20.84            44.84            50.56            61.95             0.00             0.00             0.00             0.00             0.00             0.00             0.00             0.00             0.00             0.00

          Country,Year             1960             1961             1962             1963             1964             1965             1966             1967             1968             1969             1970             1971             1972             1973             1974             1975             1976             1977             1978             1979             1980             1981             1982             1983             1984             1985             1986             1987             1988             1989             1990             1991             1992             1993             1994             1995             1996             1997             1998             1999             2000             2001             2002             2003             2004             2005             2006             2007             2008             2009             2010             2011             2012             2013             2014
            Mozambique             0.00             0.00             0.00             0.00             0.00             0.00             0.00             0.00             0.00             0.00             0.00             0.00             0.00             0.00             0.00             0.00             0.00             0.00             0.00             0.00             0.00             0.00             0.00             0.00             0.00             0.00             0.00             0.00             0.00             0.00             0.00             0.00             0.00             0.00             0.00             0.00             0.00             0.01             0.04             0.07             0.28             0.81             1.32             2.19             3.46             7.16            10.84            13.89            19.35            25.56            30.14            31.96            34.94            48.00            69.82

          Country,Year             1960             1961             1962             1963             1964             1965             1966             1967             1968             1969             1970             1971             1972             1973             1974             1975             1976             1977             1978             1979             1980             1981             1982             1983             1984             1985             1986             1987             1988             1989             1990             1991             1992             1993             1994             1995             1996             1997             1998             1999             2000             2001             2002             2003             2004             2005             2006             2007             2008             2009             2010             2011             2012             2013             2014
              Portugal             0.00             0.00             0.00             0.00             0.00             0.00             0.00             0.00             0.00             0.00             0.00             0.00             0.00             0.00             0.00             0.00             0.00             0.00             0.00             0.00             0.00             0.00             0.00             0.00             0.00             0.00             0.00             0.00             0.00             0.03             0.07             0.13             0.37             1.01             1.73             3.38             6.54            14.80            30.08            45.52            64.67            77.07            83.40            95.82           100.89           108.91           116.04           127.68           132.92           111.48           115.30           116.39           112.39           113.04           112.11


Testing copying listOfCountries object...
Before modifying copied list.
original list: 

          Country,Year             1960             1961             1962             1963             1964             1965             1966             1967             1968             1969             1970             1971             1972             1973             1974             1975             1976             1977             1978             1979             1980             1981             1982             1983             1984             1985             1986             1987             1988             1989             1990             1991             1992             1993             1994             1995             1996             1997             1998             1999             2000             2001             2002             2003             2004             2005             2006             2007             2008             2009             2010             2011             2012             2013             2014
                 Kenya             0.00             0.00             0.00             0.00             0.00             0.00             0.00             0.00             0.00             0.00             0.00             0.00             0.00             0.00             0.00             0.00             0.00             0.00             0.00             0.00             0.00             0.00             0.00             0.00             0.00             0.00             0.00             0.00             0.00             0.00             0.00             0.00             0.00             0.00             0.01             0.01             0.01             0.02             0.04             0.08             0.41             1.87             3.60             4.69             7.31            12.89            19.97            30.06            42.05            48.62            61.03            66.81            71.17            71.76            73.84

          Country,Year             1960             1961             1962             1963             1964             1965             1966             1967             1968             1969             1970             1971             1972             1973             1974             1975             1976             1977             1978             1979             1980             1981             1982             1983             1984             1985             1986             1987             1988             1989             1990             1991             1992             1993             1994             1995             1996             1997             1998             1999             2000             2001             2002             2003             2004             2005             2006             2007             2008             2009             2010             2011             2012             2013             2014
                Latvia             0.00             0.00             0.00             0.00             0.00             0.00             0.00             0.00             0.00             0.00             0.00             0.00             0.00             0.00             0.00             0.00             0.00             0.00             0.00             0.00             0.00             0.00             0.00             0.00             0.00             0.00             0.00             0.00             0.00             0.00             0.00             0.00             0.04             0.15             0.33             0.60             1.16             3.17             6.94            11.46            16.92            28.01            39.58            53.31            68.07            84.02            99.38           102.30           107.50           109.05           110.31           111.36           127.69           124.76           116.80

          Country,Year             1960             1961             1962             1963             1964             1965             1966             1967             1968             1969             1970             1971             1972             1973             1974             1975             1976             1977             1978             1979             1980             1981             1982             1983             1984             1985             1986             1987             1988             1989             1990             1991             1992             1993             1994             1995             1996             1997             1998             1999             2000             2001             2002             2003             2004             2005             2006             2007             2008             2009             2010             2011             2012             2013             2014
                  Guam             0.00             0.00             0.00             0.00             0.00             0.00             0.00             0.00             0.00             0.00             0.00             0.00             0.00             0.00             0.00             0.00             0.00             0.00             0.00             0.00             0.00             0.00             0.00             0.00             0.00             0.00             0.00             0.00             0.00             0.00             0.00             0.65             0.95             1.36             2.87             3.41             3.92             3.77             8.43            12.99            17.51            20.84            44.84            50.56            61.95             0.00             0.00             0.00             0.00             0.00             0.00             0.00             0.00             0.00             0.00

          Country,Year             1960             1961             1962             1963             1964             1965             1966             1967             1968             1969             1970             1971             1972             1973             1974             1975             1976             1977             1978             1979             1980             1981             1982             1983             1984             1985             1986             1987             1988             1989             1990             1991             1992             1993             1994             1995             1996             1997             1998             1999             2000             2001             2002             2003             2004             2005             2006             2007             2008             2009             2010             2011             2012             2013             2014
            Mozambique             0.00             0.00             0.00             0.00             0.00             0.00             0.00             0.00             0.00             0.00             0.00             0.00             0.00             0.00             0.00             0.00             0.00             0.00             0.00             0.00             0.00             0.00             0.00             0.00             0.00             0.00             0.00             0.00             0.00             0.00             0.00             0.00             0.00             0.00             0.00             0.00             0.00             0.01             0.04             0.07             0.28             0.81             1.32             2.19             3.46             7.16            10.84            13.89            19.35            25.56            30.14            31.96            34.94            48.00            69.82

          Country,Year             1960             1961             1962             1963             1964             1965             1966             1967             1968             1969             1970             1971             1972             1973             1974             1975             1976             1977             1978             1979             1980             1981             1982             1983             1984             1985             1986             1987             1988             1989             1990             1991             1992             1993             1994             1995             1996             1997             1998             1999             2000             2001             2002             2003             2004             2005             2006             2007             2008             2009             2010             2011             2012             2013             2014
              Portugal             0.00             0.00             0.00             0.00             0.00             0.00             0.00             0.00             0.00             0.00             0.00             0.00             0.00             0.00             0.00             0.00             0.00             0.00             0.00             0.00             0.00             0.00             0.00             0.00             0.00             0.00             0.00             0.00             0.00             0.03             0.07             0.13             0.37             1.01             1.73             3.38             6.54            14.80            30.08            45.52            64.67            77.07            83.40            95.82           100.89           108.91           116.04           127.68           132.92           111.48           115.30           116.39           112.39           113.04           112.11


copied list: 

          Country,Year             1960             1961             1962             1963             1964             1965             1966             1967             1968             1969             1970             1971             1972             1973             1974             1975             1976             1977             1978             1979             1980             1981             1982             1983             1984             1985             1986             1987             1988             1989             1990             1991             1992             1993             1994             1995             1996             1997             1998             1999             2000             2001             2002             2003             2004             2005             2006             2007             2008             2009             2010             2011             2012             2013             2014
                 Kenya             0.00             0.00             0.00             0.00             0.00             0.00             0.00             0.00             0.00             0.00             0.00             0.00             0.00             0.00             0.00             0.00             0.00             0.00             0.00             0.00             0.00             0.00             0.00             0.00             0.00             0.00             0.00             0.00             0.00             0.00             0.00             0.00             0.00             0.00             0.01             0.01             0.01             0.02             0.04             0.08             0.41             1.87             3.60             4.69             7.31            12.89            19.97            30.06            42.05            48.62            61.03            66.81            71.17            71.76            73.84

          Country,Year             1960             1961             1962             1963             1964             1965             1966             1967             1968             1969             1970             1971             1972             1973             1974             1975             1976             1977             1978             1979             1980             1981             1982             1983             1984             1985             1986             1987             1988             1989             1990             1991             1992             1993             1994             1995             1996             1997             1998             1999             2000             2001             2002             2003             2004             2005             2006             2007             2008             2009             2010             2011             2012             2013             2014
                Latvia             0.00             0.00             0.00             0.00             0.00             0.00             0.00             0.00             0.00             0.00             0.00             0.00             0.00             0.00             0.00             0.00             0.00             0.00             0.00             0.00             0.00             0.00             0.00             0.00             0.00             0.00             0.00             0.00             0.00             0.00             0.00             0.00             0.04             0.15             0.33             0.60             1.16             3.17             6.94            11.46            16.92            28.01            39.58            53.31            68.07            84.02            99.38           102.30           107.50           109.05           110.31           111.36           127.69           124.76           116.80

          Country,Year             1960             1961             1962             1963             1964             1965             1966             1967             1968             1969             1970             1971             1972             1973             1974             1975             1976             1977             1978             1979             1980             1981             1982             1983             1984             1985             1986             1987             1988             1989             1990             1991             1992             1993             1994             1995             1996             1997             1998             1999             2000             2001             2002             2003             2004             2005             2006             2007             2008             2009             2010             2011             2012             2013             2014
                  Guam             0.00             0.00             0.00             0.00             0.00             0.00             0.00             0.00             0.00             0.00             0.00             0.00             0.00             0.00             0.00             0.00             0.00             0.00             0.00             0.00             0.00             0.00             0.00             0.00             0.00             0.00             0.00             0.00             0.00             0.00             0.00             0.65             0.95             1.36             2.87             3.41             3.92             3.77             8.43            12.99            17.51            20.84            44.84            50.56            61.95             0.00             0.00             0.00             0.00             0.00             0.00             0.00             0.00             0.00             0.00

          Country,Year             1960             1961             1962             1963             1964             1965             1966             1967             1968             1969             1970             1971             1972             1973             1974             1975             1976             1977             1978             1979             1980             1981             1982             1983             1984             1985             1986             1987             1988             1989             1990             1991             1992             1993             1994             1995             1996             1997             1998             1999             2000             2001             2002             2003             2004             2005             2006             2007             2008             2009             2010             2011             2012             2013             2014
            Mozambique             0.00             0.00             0.00             0.00             0.00             0.00             0.00             0.00             0.00             0.00             0.00             0.00             0.00             0.00             0.00             0.00             0.00             0.00             0.00             0.00             0.00             0.00             0.00             0.00             0.00             0.00             0.00             0.00             0.00             0.00             0.00             0.00             0.00             0.00             0.00             0.00             0.00             0.01             0.04             0.07             0.28             0.81             1.32             2.19             3.46             7.16            10.84            13.89            19.35            25.56            30.14            31.96            34.94            48.00            69.82

          Country,Year             1960             1961             1962             1963             1964             1965             1966             1967             1968             1969             1970             1971             1972             1973             1974             1975             1976             1977             1978             1979             1980             1981             1982             1983             1984             1985             1986             1987             1988             1989             1990             1991             1992             1993             1994             1995             1996             1997             1998             1999             2000             2001             2002             2003             2004             2005             2006             2007             2008             2009             2010             2011             2012             2013             2014
              Portugal             0.00             0.00             0.00             0.00             0.00             0.00             0.00             0.00             0.00             0.00             0.00             0.00             0.00             0.00             0.00             0.00             0.00             0.00             0.00             0.00             0.00             0.00             0.00             0.00             0.00             0.00             0.00             0.00             0.00             0.03             0.07             0.13             0.37             1.01             1.73             3.38             6.54            14.80            30.08            45.52            64.67            77.07            83.40            95.82           100.89           108.91           116.04           127.68           132.92           111.48           115.30           116.39           112.39           113.04           112.11


Which index in the list do you want to modify the name?
0
Changed the country name Kenya to Beautiful Foothill
original list: 
          Country,Year             1960             1961             1962             1963             1964             1965             1966             1967             1968             1969             1970             1971             1972             1973             1974             1975             1976             1977             1978             1979             1980             1981             1982             1983             1984             1985             1986             1987             1988             1989             1990             1991             1992             1993             1994             1995             1996             1997             1998             1999             2000             2001             2002             2003             2004             2005             2006             2007             2008             2009             2010             2011             2012             2013             2014
                 Kenya             0.00             0.00             0.00             0.00             0.00             0.00             0.00             0.00             0.00             0.00             0.00             0.00             0.00             0.00             0.00             0.00             0.00             0.00             0.00             0.00             0.00             0.00             0.00             0.00             0.00             0.00             0.00             0.00             0.00             0.00             0.00             0.00             0.00             0.00             0.01             0.01             0.01             0.02             0.04             0.08             0.41             1.87             3.60             4.69             7.31            12.89            19.97            30.06            42.05            48.62            61.03            66.81            71.17            71.76            73.84

          Country,Year             1960             1961             1962             1963             1964             1965             1966             1967             1968             1969             1970             1971             1972             1973             1974             1975             1976             1977             1978             1979             1980             1981             1982             1983             1984             1985             1986             1987             1988             1989             1990             1991             1992             1993             1994             1995             1996             1997             1998             1999             2000             2001             2002             2003             2004             2005             2006             2007             2008             2009             2010             2011             2012             2013             2014
                Latvia             0.00             0.00             0.00             0.00             0.00             0.00             0.00             0.00             0.00             0.00             0.00             0.00             0.00             0.00             0.00             0.00             0.00             0.00             0.00             0.00             0.00             0.00             0.00             0.00             0.00             0.00             0.00             0.00             0.00             0.00             0.00             0.00             0.04             0.15             0.33             0.60             1.16             3.17             6.94            11.46            16.92            28.01            39.58            53.31            68.07            84.02            99.38           102.30           107.50           109.05           110.31           111.36           127.69           124.76           116.80

          Country,Year             1960             1961             1962             1963             1964             1965             1966             1967             1968             1969             1970             1971             1972             1973             1974             1975             1976             1977             1978             1979             1980             1981             1982             1983             1984             1985             1986             1987             1988             1989             1990             1991             1992             1993             1994             1995             1996             1997             1998             1999             2000             2001             2002             2003             2004             2005             2006             2007             2008             2009             2010             2011             2012             2013             2014
                  Guam             0.00             0.00             0.00             0.00             0.00             0.00             0.00             0.00             0.00             0.00             0.00             0.00             0.00             0.00             0.00             0.00             0.00             0.00             0.00             0.00             0.00             0.00             0.00             0.00             0.00             0.00             0.00             0.00             0.00             0.00             0.00             0.65             0.95             1.36             2.87             3.41             3.92             3.77             8.43            12.99            17.51            20.84            44.84            50.56            61.95             0.00             0.00             0.00             0.00             0.00             0.00             0.00             0.00             0.00             0.00

          Country,Year             1960             1961             1962             1963             1964             1965             1966             1967             1968             1969             1970             1971             1972             1973             1974             1975             1976             1977             1978             1979             1980             1981             1982             1983             1984             1985             1986             1987             1988             1989             1990             1991             1992             1993             1994             1995             1996             1997             1998             1999             2000             2001             2002             2003             2004             2005             2006             2007             2008             2009             2010             2011             2012             2013             2014
            Mozambique             0.00             0.00             0.00             0.00             0.00             0.00             0.00             0.00             0.00             0.00             0.00             0.00             0.00             0.00             0.00             0.00             0.00             0.00             0.00             0.00             0.00             0.00             0.00             0.00             0.00             0.00             0.00             0.00             0.00             0.00             0.00             0.00             0.00             0.00             0.00             0.00             0.00             0.01             0.04             0.07             0.28             0.81             1.32             2.19             3.46             7.16            10.84            13.89            19.35            25.56            30.14            31.96            34.94            48.00            69.82

          Country,Year             1960             1961             1962             1963             1964             1965             1966             1967             1968             1969             1970             1971             1972             1973             1974             1975             1976             1977             1978             1979             1980             1981             1982             1983             1984             1985             1986             1987             1988             1989             1990             1991             1992             1993             1994             1995             1996             1997             1998             1999             2000             2001             2002             2003             2004             2005             2006             2007             2008             2009             2010             2011             2012             2013             2014
              Portugal             0.00             0.00             0.00             0.00             0.00             0.00             0.00             0.00             0.00             0.00             0.00             0.00             0.00             0.00             0.00             0.00             0.00             0.00             0.00             0.00             0.00             0.00             0.00             0.00             0.00             0.00             0.00             0.00             0.00             0.03             0.07             0.13             0.37             1.01             1.73             3.38             6.54            14.80            30.08            45.52            64.67            77.07            83.40            95.82           100.89           108.91           116.04           127.68           132.92           111.48           115.30           116.39           112.39           113.04           112.11


copied list: 
          Country,Year             1960             1961             1962             1963             1964             1965             1966             1967             1968             1969             1970             1971             1972             1973             1974             1975             1976             1977             1978             1979             1980             1981             1982             1983             1984             1985             1986             1987             1988             1989             1990             1991             1992             1993             1994             1995             1996             1997             1998             1999             2000             2001             2002             2003             2004             2005             2006             2007             2008             2009             2010             2011             2012             2013             2014
    Beautiful Foothill             0.00             0.00             0.00             0.00             0.00             0.00             0.00             0.00             0.00             0.00             0.00             0.00             0.00             0.00             0.00             0.00             0.00             0.00             0.00             0.00             0.00             0.00             0.00             0.00             0.00             0.00             0.00             0.00             0.00             0.00             0.00             0.00             0.00             0.00             0.01             0.01             0.01             0.02             0.04             0.08             0.41             1.87             3.60             4.69             7.31            12.89            19.97            30.06            42.05            48.62            61.03            66.81            71.17            71.76            73.84

          Country,Year             1960             1961             1962             1963             1964             1965             1966             1967             1968             1969             1970             1971             1972             1973             1974             1975             1976             1977             1978             1979             1980             1981             1982             1983             1984             1985             1986             1987             1988             1989             1990             1991             1992             1993             1994             1995             1996             1997             1998             1999             2000             2001             2002             2003             2004             2005             2006             2007             2008             2009             2010             2011             2012             2013             2014
                Latvia             0.00             0.00             0.00             0.00             0.00             0.00             0.00             0.00             0.00             0.00             0.00             0.00             0.00             0.00             0.00             0.00             0.00             0.00             0.00             0.00             0.00             0.00             0.00             0.00             0.00             0.00             0.00             0.00             0.00             0.00             0.00             0.00             0.04             0.15             0.33             0.60             1.16             3.17             6.94            11.46            16.92            28.01            39.58            53.31            68.07            84.02            99.38           102.30           107.50           109.05           110.31           111.36           127.69           124.76           116.80

          Country,Year             1960             1961             1962             1963             1964             1965             1966             1967             1968             1969             1970             1971             1972             1973             1974             1975             1976             1977             1978             1979             1980             1981             1982             1983             1984             1985             1986             1987             1988             1989             1990             1991             1992             1993             1994             1995             1996             1997             1998             1999             2000             2001             2002             2003             2004             2005             2006             2007             2008             2009             2010             2011             2012             2013             2014
                  Guam             0.00             0.00             0.00             0.00             0.00             0.00             0.00             0.00             0.00             0.00             0.00             0.00             0.00             0.00             0.00             0.00             0.00             0.00             0.00             0.00             0.00             0.00             0.00             0.00             0.00             0.00             0.00             0.00             0.00             0.00             0.00             0.65             0.95             1.36             2.87             3.41             3.92             3.77             8.43            12.99            17.51            20.84            44.84            50.56            61.95             0.00             0.00             0.00             0.00             0.00             0.00             0.00             0.00             0.00             0.00

          Country,Year             1960             1961             1962             1963             1964             1965             1966             1967             1968             1969             1970             1971             1972             1973             1974             1975             1976             1977             1978             1979             1980             1981             1982             1983             1984             1985             1986             1987             1988             1989             1990             1991             1992             1993             1994             1995             1996             1997             1998             1999             2000             2001             2002             2003             2004             2005             2006             2007             2008             2009             2010             2011             2012             2013             2014
            Mozambique             0.00             0.00             0.00             0.00             0.00             0.00             0.00             0.00             0.00             0.00             0.00             0.00             0.00             0.00             0.00             0.00             0.00             0.00             0.00             0.00             0.00             0.00             0.00             0.00             0.00             0.00             0.00             0.00             0.00             0.00             0.00             0.00             0.00             0.00             0.00             0.00             0.00             0.01             0.04             0.07             0.28             0.81             1.32             2.19             3.46             7.16            10.84            13.89            19.35            25.56            30.14            31.96            34.94            48.00            69.82

          Country,Year             1960             1961             1962             1963             1964             1965             1966             1967             1968             1969             1970             1971             1972             1973             1974             1975             1976             1977             1978             1979             1980             1981             1982             1983             1984             1985             1986             1987             1988             1989             1990             1991             1992             1993             1994             1995             1996             1997             1998             1999             2000             2001             2002             2003             2004             2005             2006             2007             2008             2009             2010             2011             2012             2013             2014
              Portugal             0.00             0.00             0.00             0.00             0.00             0.00             0.00             0.00             0.00             0.00             0.00             0.00             0.00             0.00             0.00             0.00             0.00             0.00             0.00             0.00             0.00             0.00             0.00             0.00             0.00             0.00             0.00             0.00             0.00             0.03             0.07             0.13             0.37             1.01             1.73             3.38             6.54            14.80            30.08            45.52            64.67            77.07            83.40            95.82           100.89           108.91           116.04           127.68           132.92           111.48           115.30           116.39           112.39           113.04           112.11


Which index in the list do you want to modify the subscriptions?
1

Which index in the subscriptions do you want to modify?
0

Please enter the new subscriptions: 
1111
Changed the Country's Latviasubscriptions at index 0

Which index in the subscriptions do you want to modify?
1

Please enter the new subscriptions: 
2222
Changed the Country's Latviasubscriptions at index 1

Which index in the subscriptions do you want to modify?
2

Please enter the new subscriptions: 
3333
Changed the Country's Latviasubscriptions at index 2
original list: 
          Country,Year             1960             1961             1962             1963             1964             1965             1966             1967             1968             1969             1970             1971             1972             1973             1974             1975             1976             1977             1978             1979             1980             1981             1982             1983             1984             1985             1986             1987             1988             1989             1990             1991             1992             1993             1994             1995             1996             1997             1998             1999             2000             2001             2002             2003             2004             2005             2006             2007             2008             2009             2010             2011             2012             2013             2014
                 Kenya             0.00             0.00             0.00             0.00             0.00             0.00             0.00             0.00             0.00             0.00             0.00             0.00             0.00             0.00             0.00             0.00             0.00             0.00             0.00             0.00             0.00             0.00             0.00             0.00             0.00             0.00             0.00             0.00             0.00             0.00             0.00             0.00             0.00             0.00             0.01             0.01             0.01             0.02             0.04             0.08             0.41             1.87             3.60             4.69             7.31            12.89            19.97            30.06            42.05            48.62            61.03            66.81            71.17            71.76            73.84

          Country,Year             1960             1961             1962             1963             1964             1965             1966             1967             1968             1969             1970             1971             1972             1973             1974             1975             1976             1977             1978             1979             1980             1981             1982             1983             1984             1985             1986             1987             1988             1989             1990             1991             1992             1993             1994             1995             1996             1997             1998             1999             2000             2001             2002             2003             2004             2005             2006             2007             2008             2009             2010             2011             2012             2013             2014
                Latvia             0.00             0.00             0.00             0.00             0.00             0.00             0.00             0.00             0.00             0.00             0.00             0.00             0.00             0.00             0.00             0.00             0.00             0.00             0.00             0.00             0.00             0.00             0.00             0.00             0.00             0.00             0.00             0.00             0.00             0.00             0.00             0.00             0.04             0.15             0.33             0.60             1.16             3.17             6.94            11.46            16.92            28.01            39.58            53.31            68.07            84.02            99.38           102.30           107.50           109.05           110.31           111.36           127.69           124.76           116.80

          Country,Year             1960             1961             1962             1963             1964             1965             1966             1967             1968             1969             1970             1971             1972             1973             1974             1975             1976             1977             1978             1979             1980             1981             1982             1983             1984             1985             1986             1987             1988             1989             1990             1991             1992             1993             1994             1995             1996             1997             1998             1999             2000             2001             2002             2003             2004             2005             2006             2007             2008             2009             2010             2011             2012             2013             2014
                  Guam             0.00             0.00             0.00             0.00             0.00             0.00             0.00             0.00             0.00             0.00             0.00             0.00             0.00             0.00             0.00             0.00             0.00             0.00             0.00             0.00             0.00             0.00             0.00             0.00             0.00             0.00             0.00             0.00             0.00             0.00             0.00             0.65             0.95             1.36             2.87             3.41             3.92             3.77             8.43            12.99            17.51            20.84            44.84            50.56            61.95             0.00             0.00             0.00             0.00             0.00             0.00             0.00             0.00             0.00             0.00

          Country,Year             1960             1961             1962             1963             1964             1965             1966             1967             1968             1969             1970             1971             1972             1973             1974             1975             1976             1977             1978             1979             1980             1981             1982             1983             1984             1985             1986             1987             1988             1989             1990             1991             1992             1993             1994             1995             1996             1997             1998             1999             2000             2001             2002             2003             2004             2005             2006             2007             2008             2009             2010             2011             2012             2013             2014
            Mozambique             0.00             0.00             0.00             0.00             0.00             0.00             0.00             0.00             0.00             0.00             0.00             0.00             0.00             0.00             0.00             0.00             0.00             0.00             0.00             0.00             0.00             0.00             0.00             0.00             0.00             0.00             0.00             0.00             0.00             0.00             0.00             0.00             0.00             0.00             0.00             0.00             0.00             0.01             0.04             0.07             0.28             0.81             1.32             2.19             3.46             7.16            10.84            13.89            19.35            25.56            30.14            31.96            34.94            48.00            69.82

          Country,Year             1960             1961             1962             1963             1964             1965             1966             1967             1968             1969             1970             1971             1972             1973             1974             1975             1976             1977             1978             1979             1980             1981             1982             1983             1984             1985             1986             1987             1988             1989             1990             1991             1992             1993             1994             1995             1996             1997             1998             1999             2000             2001             2002             2003             2004             2005             2006             2007             2008             2009             2010             2011             2012             2013             2014
              Portugal             0.00             0.00             0.00             0.00             0.00             0.00             0.00             0.00             0.00             0.00             0.00             0.00             0.00             0.00             0.00             0.00             0.00             0.00             0.00             0.00             0.00             0.00             0.00             0.00             0.00             0.00             0.00             0.00             0.00             0.03             0.07             0.13             0.37             1.01             1.73             3.38             6.54            14.80            30.08            45.52            64.67            77.07            83.40            95.82           100.89           108.91           116.04           127.68           132.92           111.48           115.30           116.39           112.39           113.04           112.11

copied list: 
          Country,Year             1960             1961             1962             1963             1964             1965             1966             1967             1968             1969             1970             1971             1972             1973             1974             1975             1976             1977             1978             1979             1980             1981             1982             1983             1984             1985             1986             1987             1988             1989             1990             1991             1992             1993             1994             1995             1996             1997             1998             1999             2000             2001             2002             2003             2004             2005             2006             2007             2008             2009             2010             2011             2012             2013             2014
    Beautiful Foothill             0.00             0.00             0.00             0.00             0.00             0.00             0.00             0.00             0.00             0.00             0.00             0.00             0.00             0.00             0.00             0.00             0.00             0.00             0.00             0.00             0.00             0.00             0.00             0.00             0.00             0.00             0.00             0.00             0.00             0.00             0.00             0.00             0.00             0.00             0.01             0.01             0.01             0.02             0.04             0.08             0.41             1.87             3.60             4.69             7.31            12.89            19.97            30.06            42.05            48.62            61.03            66.81            71.17            71.76            73.84

          Country,Year             1960             1961             1962             1963             1964             1965             1966             1967             1968             1969             1970             1971             1972             1973             1974             1975             1976             1977             1978             1979             1980             1981             1982             1983             1984             1985             1986             1987             1988             1989             1990             1991             1992             1993             1994             1995             1996             1997             1998             1999             2000             2001             2002             2003             2004             2005             2006             2007             2008             2009             2010             2011             2012             2013             2014
                Latvia          1111.00          2222.00          3333.00             0.00             0.00             0.00             0.00             0.00             0.00             0.00             0.00             0.00             0.00             0.00             0.00             0.00             0.00             0.00             0.00             0.00             0.00             0.00             0.00             0.00             0.00             0.00             0.00             0.00             0.00             0.00             0.00             0.00             0.04             0.15             0.33             0.60             1.16             3.17             6.94            11.46            16.92            28.01            39.58            53.31            68.07            84.02            99.38           102.30           107.50           109.05           110.31           111.36           127.69           124.76           116.80

          Country,Year             1960             1961             1962             1963             1964             1965             1966             1967             1968             1969             1970             1971             1972             1973             1974             1975             1976             1977             1978             1979             1980             1981             1982             1983             1984             1985             1986             1987             1988             1989             1990             1991             1992             1993             1994             1995             1996             1997             1998             1999             2000             2001             2002             2003             2004             2005             2006             2007             2008             2009             2010             2011             2012             2013             2014
                  Guam             0.00             0.00             0.00             0.00             0.00             0.00             0.00             0.00             0.00             0.00             0.00             0.00             0.00             0.00             0.00             0.00             0.00             0.00             0.00             0.00             0.00             0.00             0.00             0.00             0.00             0.00             0.00             0.00             0.00             0.00             0.00             0.65             0.95             1.36             2.87             3.41             3.92             3.77             8.43            12.99            17.51            20.84            44.84            50.56            61.95             0.00             0.00             0.00             0.00             0.00             0.00             0.00             0.00             0.00             0.00

          Country,Year             1960             1961             1962             1963             1964             1965             1966             1967             1968             1969             1970             1971             1972             1973             1974             1975             1976             1977             1978             1979             1980             1981             1982             1983             1984             1985             1986             1987             1988             1989             1990             1991             1992             1993             1994             1995             1996             1997             1998             1999             2000             2001             2002             2003             2004             2005             2006             2007             2008             2009             2010             2011             2012             2013             2014
            Mozambique             0.00             0.00             0.00             0.00             0.00             0.00             0.00             0.00             0.00             0.00             0.00             0.00             0.00             0.00             0.00             0.00             0.00             0.00             0.00             0.00             0.00             0.00             0.00             0.00             0.00             0.00             0.00             0.00             0.00             0.00             0.00             0.00             0.00             0.00             0.00             0.00             0.00             0.01             0.04             0.07             0.28             0.81             1.32             2.19             3.46             7.16            10.84            13.89            19.35            25.56            30.14            31.96            34.94            48.00            69.82

          Country,Year             1960             1961             1962             1963             1964             1965             1966             1967             1968             1969             1970             1971             1972             1973             1974             1975             1976             1977             1978             1979             1980             1981             1982             1983             1984             1985             1986             1987             1988             1989             1990             1991             1992             1993             1994             1995             1996             1997             1998             1999             2000             2001             2002             2003             2004             2005             2006             2007             2008             2009             2010             2011             2012             2013             2014
              Portugal             0.00             0.00             0.00             0.00             0.00             0.00             0.00             0.00             0.00             0.00             0.00             0.00             0.00             0.00             0.00             0.00             0.00             0.00             0.00             0.00             0.00             0.00             0.00             0.00             0.00             0.00             0.00             0.00             0.00             0.03             0.07             0.13             0.37             1.01             1.73             3.38             6.54            14.80            30.08            45.52            64.67            77.07            83.40            95.82           100.89           108.91           116.04           127.68           132.92           111.48           115.30           116.39           112.39           113.04           112.11


Which index in the list do you want to replace?
2
Replaces a specific index 2 in the copiedList.
original list: 
          Country,Year             1960             1961             1962             1963             1964             1965             1966             1967             1968             1969             1970             1971             1972             1973             1974             1975             1976             1977             1978             1979             1980             1981             1982             1983             1984             1985             1986             1987             1988             1989             1990             1991             1992             1993             1994             1995             1996             1997             1998             1999             2000             2001             2002             2003             2004             2005             2006             2007             2008             2009             2010             2011             2012             2013             2014
                 Kenya             0.00             0.00             0.00             0.00             0.00             0.00             0.00             0.00             0.00             0.00             0.00             0.00             0.00             0.00             0.00             0.00             0.00             0.00             0.00             0.00             0.00             0.00             0.00             0.00             0.00             0.00             0.00             0.00             0.00             0.00             0.00             0.00             0.00             0.00             0.01             0.01             0.01             0.02             0.04             0.08             0.41             1.87             3.60             4.69             7.31            12.89            19.97            30.06            42.05            48.62            61.03            66.81            71.17            71.76            73.84

          Country,Year             1960             1961             1962             1963             1964             1965             1966             1967             1968             1969             1970             1971             1972             1973             1974             1975             1976             1977             1978             1979             1980             1981             1982             1983             1984             1985             1986             1987             1988             1989             1990             1991             1992             1993             1994             1995             1996             1997             1998             1999             2000             2001             2002             2003             2004             2005             2006             2007             2008             2009             2010             2011             2012             2013             2014
                Latvia             0.00             0.00             0.00             0.00             0.00             0.00             0.00             0.00             0.00             0.00             0.00             0.00             0.00             0.00             0.00             0.00             0.00             0.00             0.00             0.00             0.00             0.00             0.00             0.00             0.00             0.00             0.00             0.00             0.00             0.00             0.00             0.00             0.04             0.15             0.33             0.60             1.16             3.17             6.94            11.46            16.92            28.01            39.58            53.31            68.07            84.02            99.38           102.30           107.50           109.05           110.31           111.36           127.69           124.76           116.80

          Country,Year             1960             1961             1962             1963             1964             1965             1966             1967             1968             1969             1970             1971             1972             1973             1974             1975             1976             1977             1978             1979             1980             1981             1982             1983             1984             1985             1986             1987             1988             1989             1990             1991             1992             1993             1994             1995             1996             1997             1998             1999             2000             2001             2002             2003             2004             2005             2006             2007             2008             2009             2010             2011             2012             2013             2014
                  Guam             0.00             0.00             0.00             0.00             0.00             0.00             0.00             0.00             0.00             0.00             0.00             0.00             0.00             0.00             0.00             0.00             0.00             0.00             0.00             0.00             0.00             0.00             0.00             0.00             0.00             0.00             0.00             0.00             0.00             0.00             0.00             0.65             0.95             1.36             2.87             3.41             3.92             3.77             8.43            12.99            17.51            20.84            44.84            50.56            61.95             0.00             0.00             0.00             0.00             0.00             0.00             0.00             0.00             0.00             0.00

          Country,Year             1960             1961             1962             1963             1964             1965             1966             1967             1968             1969             1970             1971             1972             1973             1974             1975             1976             1977             1978             1979             1980             1981             1982             1983             1984             1985             1986             1987             1988             1989             1990             1991             1992             1993             1994             1995             1996             1997             1998             1999             2000             2001             2002             2003             2004             2005             2006             2007             2008             2009             2010             2011             2012             2013             2014
            Mozambique             0.00             0.00             0.00             0.00             0.00             0.00             0.00             0.00             0.00             0.00             0.00             0.00             0.00             0.00             0.00             0.00             0.00             0.00             0.00             0.00             0.00             0.00             0.00             0.00             0.00             0.00             0.00             0.00             0.00             0.00             0.00             0.00             0.00             0.00             0.00             0.00             0.00             0.01             0.04             0.07             0.28             0.81             1.32             2.19             3.46             7.16            10.84            13.89            19.35            25.56            30.14            31.96            34.94            48.00            69.82

          Country,Year             1960             1961             1962             1963             1964             1965             1966             1967             1968             1969             1970             1971             1972             1973             1974             1975             1976             1977             1978             1979             1980             1981             1982             1983             1984             1985             1986             1987             1988             1989             1990             1991             1992             1993             1994             1995             1996             1997             1998             1999             2000             2001             2002             2003             2004             2005             2006             2007             2008             2009             2010             2011             2012             2013             2014
              Portugal             0.00             0.00             0.00             0.00             0.00             0.00             0.00             0.00             0.00             0.00             0.00             0.00             0.00             0.00             0.00             0.00             0.00             0.00             0.00             0.00             0.00             0.00             0.00             0.00             0.00             0.00             0.00             0.00             0.00             0.03             0.07             0.13             0.37             1.01             1.73             3.38             6.54            14.80            30.08            45.52            64.67            77.07            83.40            95.82           100.89           108.91           116.04           127.68           132.92           111.48           115.30           116.39           112.39           113.04           112.11

copied list: 
          Country,Year             1960             1961             1962             1963             1964             1965             1966             1967             1968             1969             1970             1971             1972             1973             1974             1975             1976             1977             1978             1979             1980             1981             1982             1983             1984             1985             1986             1987             1988             1989             1990             1991             1992             1993             1994             1995             1996             1997             1998             1999             2000             2001             2002             2003             2004             2005             2006             2007             2008             2009             2010             2011             2012             2013             2014
    Beautiful Foothill             0.00             0.00             0.00             0.00             0.00             0.00             0.00             0.00             0.00             0.00             0.00             0.00             0.00             0.00             0.00             0.00             0.00             0.00             0.00             0.00             0.00             0.00             0.00             0.00             0.00             0.00             0.00             0.00             0.00             0.00             0.00             0.00             0.00             0.00             0.01             0.01             0.01             0.02             0.04             0.08             0.41             1.87             3.60             4.69             7.31            12.89            19.97            30.06            42.05            48.62            61.03            66.81            71.17            71.76            73.84

          Country,Year             1960             1961             1962             1963             1964             1965             1966             1967             1968             1969             1970             1971             1972             1973             1974             1975             1976             1977             1978             1979             1980             1981             1982             1983             1984             1985             1986             1987             1988             1989             1990             1991             1992             1993             1994             1995             1996             1997             1998             1999             2000             2001             2002             2003             2004             2005             2006             2007             2008             2009             2010             2011             2012             2013             2014
                Latvia          1111.00          2222.00          3333.00             0.00             0.00             0.00             0.00             0.00             0.00             0.00             0.00             0.00             0.00             0.00             0.00             0.00             0.00             0.00             0.00             0.00             0.00             0.00             0.00             0.00             0.00             0.00             0.00             0.00             0.00             0.00             0.00             0.00             0.04             0.15             0.33             0.60             1.16             3.17             6.94            11.46            16.92            28.01            39.58            53.31            68.07            84.02            99.38           102.30           107.50           109.05           110.31           111.36           127.69           124.76           116.80

          Country,Year             1960             1961             1962             1963             1964             1965             1966             1967             1968             1969             1970             1971             1972             1973             1974             1975             1976             1977             1978             1979             1980             1981             1982             1983             1984             1985             1986             1987             1988             1989             1990             1991             1992             1993             1994             1995             1996             1997             1998             1999             2000             2001             2002             2003             2004             2005             2006             2007             2008             2009             2010             2011             2012             2013             2014
           Netherlands             0.00             0.00             0.00             0.00             0.00             0.00             0.00             0.00             0.00             0.00             0.00             0.00             0.00             0.00             0.00             0.00             0.00             0.00             0.00             0.00             0.00             0.00             0.00             0.00             0.00             0.03             0.11             0.17             0.22             0.38             0.53             0.77             1.10             1.42             2.10             3.50             6.55            11.00            21.36            42.77            67.81            76.49            75.43            81.82            91.24            97.13           105.62           117.29           124.98           121.66           115.43           118.98           117.97           116.16           116.42

          Country,Year             1960             1961             1962             1963             1964             1965             1966             1967             1968             1969             1970             1971             1972             1973             1974             1975             1976             1977             1978             1979             1980             1981             1982             1983             1984             1985             1986             1987             1988             1989             1990             1991             1992             1993             1994             1995             1996             1997             1998             1999             2000             2001             2002             2003             2004             2005             2006             2007             2008             2009             2010             2011             2012             2013             2014
            Mozambique             0.00             0.00             0.00             0.00             0.00             0.00             0.00             0.00             0.00             0.00             0.00             0.00             0.00             0.00             0.00             0.00             0.00             0.00             0.00             0.00             0.00             0.00             0.00             0.00             0.00             0.00             0.00             0.00             0.00             0.00             0.00             0.00             0.00             0.00             0.00             0.00             0.00             0.01             0.04             0.07             0.28             0.81             1.32             2.19             3.46             7.16            10.84            13.89            19.35            25.56            30.14            31.96            34.94            48.00            69.82

          Country,Year             1960             1961             1962             1963             1964             1965             1966             1967             1968             1969             1970             1971             1972             1973             1974             1975             1976             1977             1978             1979             1980             1981             1982             1983             1984             1985             1986             1987             1988             1989             1990             1991             1992             1993             1994             1995             1996             1997             1998             1999             2000             2001             2002             2003             2004             2005             2006             2007             2008             2009             2010             2011             2012             2013             2014
              Portugal             0.00             0.00             0.00             0.00             0.00             0.00             0.00             0.00             0.00             0.00             0.00             0.00             0.00             0.00             0.00             0.00             0.00             0.00             0.00             0.00             0.00             0.00             0.00             0.00             0.00             0.00             0.00             0.00             0.00             0.03             0.07             0.13             0.37             1.01             1.73             3.38             6.54            14.80            30.08            45.52            64.67            77.07            83.40            95.82           100.89           108.91           116.04           127.68           132.92           111.48           115.30           116.39           112.39           113.04           112.11

Additional Testing on Copied Country Object.
Changed the country name Netherlands to Stem Center

Which index in the subscriptions do you want to modify?
2
Changed the Country's Netherlandssubscriptions at index 2

Which index in the subscriptions do you want to modify?
4
Changed the Country's Netherlandssubscriptions at index 4

Which index in the subscriptions do you want to modify?
6
Changed the Country's Netherlandssubscriptions at index 6
original country: 
          Country,Year             1960             1961             1962             1963             1964             1965             1966             1967             1968             1969             1970             1971             1972             1973             1974             1975             1976             1977             1978             1979             1980             1981             1982             1983             1984             1985             1986             1987             1988             1989             1990             1991             1992             1993             1994             1995             1996             1997             1998             1999             2000             2001             2002             2003             2004             2005             2006             2007             2008             2009             2010             2011             2012             2013             2014
           Netherlands             0.00             0.00             0.00             0.00             0.00             0.00             0.00             0.00             0.00             0.00             0.00             0.00             0.00             0.00             0.00             0.00             0.00             0.00             0.00             0.00             0.00             0.00             0.00             0.00             0.00             0.03             0.11             0.17             0.22             0.38             0.53             0.77             1.10             1.42             2.10             3.50             6.55            11.00            21.36            42.77            67.81            76.49            75.43            81.82            91.24            97.13           105.62           117.29           124.98           121.66           115.43           118.98           117.97           116.16           116.42
copied country: 
          Country,Year             1960             1961             1962             1963             1964             1965             1966             1967             1968             1969             1970             1971             1972             1973             1974             1975             1976             1977             1978             1979             1980             1981             1982             1983             1984             1985             1986             1987             1988             1989             1990             1991             1992             1993             1994             1995             1996             1997             1998             1999             2000             2001             2002             2003             2004             2005             2006             2007             2008             2009             2010             2011             2012             2013             2014
           Stem Center             0.00             0.00         99999.00             0.00         99999.00             0.00         99999.00             0.00             0.00             0.00             0.00             0.00             0.00             0.00             0.00             0.00             0.00             0.00             0.00             0.00             0.00             0.00             0.00             0.00             0.00             0.03             0.11             0.17             0.22             0.38             0.53             0.77             1.10             1.42             2.10             3.50             6.55            11.00            21.36            42.77            67.81            76.49            75.43            81.82            91.24            97.13           105.62           117.29           124.98           121.66           115.43           118.98           117.97           116.16           116.42

Done with TestCopyCountryList.